174901010000	58	29
174902010000	62.6	31.3
174903010000	70	35
174904010000	55.7	27.85
174905010000	85	42.5
174906010000	83.5	41.75
174907010000	94.8	47.4
174908010000	66.3	33.15
174909010000	75.9	37.95
174910010000	75.5	37.75
174911010000	158.6	79.3
174912010000	85.2	42.6
175001010000	73.3	36.65
175002010000	75.9	37.95
175003010000	89.2	44.6
175004010000	88.3	44.15
175005010000	90	45
175006010000	100	50
175007010000	85.4	42.7
175008010000	103	51.5
175009010000	91.2	45.6
175010010000	65.7	32.85
175011010000	63.3	31.65
175012010000	75.4	37.7
175101010000	70	35
175102010000	43.5	21.75
175103010000	45.3	22.65
175104010000	56.4	28.2
175105010000	60.7	30.35
175106010000	50.7	25.35
175107010000	66.3	33.15
175108010000	59.8	29.9
175109010000	23.5	11.75
175110010000	23.2	11.6
175111010000	28.5	14.25
175112010000	44	22
175201010000	35	17.5
175202010000	50	25
175203010000	71	35.5
175204010000	59.3	29.65
175205010000	59.7	29.85
175206010000	39.6	19.8
175207010000	78.4	39.2
175208010000	29.3	14.65
175209010000	27.1	13.55
175210010000	46.6	23.3
175211010000	37.6	18.8
175212010000	40	20
175301010000	44	22
175302010000	32	16
175303010000	45.7	22.85
175304010000	38	19
175305010000	36	18
175306010000	31.7	15.85
175307010000	22	11
175308010000	39	19.5
175309010000	28	14
175310010000	25	12.5
175311010000	20	10
175312010000	6.7	3.35
175401010000	0	0
175402010000	3	1.5
175403010000	1.7	0.85
175404010000	13.7	6.85
175405010000	20.7	10.35
175406010000	26.7	13.35
175407010000	18.8	9.4
175408010000	12.3	6.15
175409010000	8.2	4.1
175410010000	24.1	12.05
175411010000	13.2	6.6
175412010000	4.2	2.1
175501010000	10.2	5.1
175502010000	11.2	5.6
175503010000	6.8	3.4
175504010000	6.5	3.25
175505010000	0	0
175506010000	0	0
175507010000	8.6	4.3
175508010000	3.2	1.6
175509010000	17.8	8.9
175510010000	23.7	11.85
175511010000	6.8	3.4
175512010000	20	10
175601010000	12.5	6.25
175602010000	7.1	3.55
175603010000	5.4	2.7
175604010000	9.4	4.7
175605010000	12.5	6.25
175606010000	12.9	6.45
175607010000	3.6	1.8
175608010000	6.4	3.2
175609010000	11.8	5.9
175610010000	14.3	7.15
175611010000	17	8.5
175612010000	9.4	4.7
175701010000	14.1	7.05
175702010000	21.2	10.6
175703010000	26.2	13.1
175704010000	30	15
175705010000	38.1	19.05
175706010000	12.8	6.4
175707010000	25	12.5
175708010000	51.3	25.65
175709010000	39.7	19.85
175710010000	32.5	16.25
175711010000	64.7	32.35
175712010000	33.5	16.75
175801010000	37.6	18.8
175802010000	52	26
175803010000	49	24.5
175804010000	72.3	36.15
175805010000	46.4	23.2
175806010000	45	22.5
175807010000	44	22
175808010000	38.7	19.35
175809010000	62.5	31.25
175810010000	37.7	18.85
175811010000	43	21.5
175812010000	43	21.5
175901010000	48.3	24.15
175902010000	44	22
175903010000	46.8	23.4
175904010000	47	23.5
175905010000	49	24.5
175906010000	50	25
175907010000	51	25.5
175908010000	71.3	35.65
175909010000	77.2	38.6
175910010000	59.7	29.85
175911010000	46.3	23.15
175912010000	57	28.5
176001010000	67.3	33.65
176002010000	59.5	29.75
176003010000	74.7	37.35
176004010000	58.3	29.15
176005010000	72	36
176006010000	48.3	24.15
176007010000	66	33
176008010000	75.6	37.8
176009010000	61.3	30.65
176010010000	50.6	25.3
176011010000	59.7	29.85
176012010000	61	30.5
176101010000	70	35
176102010000	91	45.5
176103010000	80.7	40.35
176104010000	71.7	35.85
176105010000	107.2	53.6
176106010000	99.3	49.65
176107010000	94.1	47.05
176108010000	91.1	45.55
176109010000	100.7	50.35
176110010000	88.7	44.35
176111010000	89.7	44.85
176112010000	46	23
176201010000	43.8	21.9
176202010000	72.8	36.4
176203010000	45.7	22.85
176204010000	60.2	30.1
176205010000	39.9	19.95
176206010000	77.1	38.55
176207010000	33.8	16.9
176208010000	67.7	33.85
176209010000	68.5	34.25
176210010000	69.3	34.65
176211010000	77.8	38.9
176212010000	77.2	38.6
176301010000	56.5	28.25
176302010000	31.9	15.95
176303010000	34.2	17.1
176304010000	32.9	16.45
176305010000	32.7	16.35
176306010000	35.8	17.9
176307010000	54.2	27.1
176308010000	26.5	13.25
176309010000	68.1	34.05
176310010000	46.3	23.15
176311010000	60.9	30.45
176312010000	61.4	30.7
176401010000	59.7	29.85
176402010000	59.7	29.85
176403010000	40.2	20.1
176404010000	34.4	17.2
176405010000	44.3	22.15
176406010000	30	15
176407010000	30	15
176408010000	30	15
176409010000	28.2	14.1
176410010000	28	14
176411010000	26	13
176412010000	25.7	12.85
176501010000	24	12
176502010000	26	13
176503010000	25	12.5
176504010000	22	11
176505010000	20.2	10.1
176506010000	20	10
176507010000	27	13.5
176508010000	29.7	14.85
176509010000	16	8
176510010000	14	7
176511010000	14	7
176512010000	13	6.5
176601010000	12	6
176602010000	11	5.5
176603010000	36.6	18.3
176604010000	6	3
176605010000	26.8	13.4
176606010000	3	1.5
176607010000	3.3	1.65
176608010000	4	2
176609010000	4.3	2.15
176610010000	5	2.5
176611010000	5.7	2.85
176612010000	19.2	9.6
176701010000	27.4	13.7
176702010000	30	15
176703010000	43	21.5
176704010000	32.9	16.45
176705010000	29.8	14.9
176706010000	33.3	16.65
176707010000	21.9	10.95
176708010000	40.8	20.4
176709010000	42.7	21.35
176710010000	44.1	22.05
176711010000	54.7	27.35
176712010000	53.3	26.65
176801010000	53.5	26.75
176802010000	66.1	33.05
176803010000	46.3	23.15
176804010000	42.7	21.35
176805010000	77.7	38.85
176806010000	77.4	38.7
176807010000	52.6	26.3
176808010000	66.8	33.4
176809010000	74.8	37.4
176810010000	77.8	38.9
176811010000	90.6	45.3
176812010000	111.8	55.9
176901010000	73.9	36.95
176902010000	64.2	32.1
176903010000	64.3	32.15
176904010000	96.7	48.35
176905010000	73.6	36.8
176906010000	94.4	47.2
176907010000	118.6	59.3
176908010000	120.3	60.15
176909010000	148.8	74.4
176910010000	158.2	79.1
176911010000	148.1	74.05
176912010000	112	56
177001010000	104	52
177002010000	142.5	71.25
177003010000	80.1	40.05
177004010000	51	25.5
177005010000	70.1	35.05
177006010000	83.3	41.65
177007010000	109.8	54.9
177008010000	126.3	63.15
177009010000	104.4	52.2
177010010000	103.6	51.8
177011010000	132.2	66.1
177012010000	102.3	51.15
177101010000	36	18
177102010000	46.2	23.1
177103010000	46.7	23.35
177104010000	64.9	32.45
177105010000	152.7	76.35
177106010000	119.5	59.75
177107010000	67.7	33.85
177108010000	58.5	29.25
177109010000	101.4	50.7
177110010000	90	45
177111010000	99.7	49.85
177112010000	95.7	47.85
177201010000	100.9	50.45
177202010000	90.8	45.4
177203010000	31.1	15.55
177204010000	92.2	46.1
177205010000	38	19
177206010000	57	28.5
177207010000	77.3	38.65
177208010000	56.2	28.1
177209010000	50.5	25.25
177210010000	78.6	39.3
177211010000	61.3	30.65
177212010000	64	32
177301010000	54.6	27.3
177302010000	29	14.5
177303010000	51.2	25.6
177304010000	32.9	16.45
177305010000	41.1	20.55
177306010000	28.4	14.2
177307010000	27.7	13.85
177308010000	12.7	6.35
177309010000	29.3	14.65
177310010000	26.3	13.15
177311010000	40.9	20.45
177312010000	43.2	21.6
177401010000	46.8	23.4
177402010000	65.4	32.7
177403010000	55.7	27.85
177404010000	43.8	21.9
177405010000	51.3	25.65
177406010000	28.5	14.25
177407010000	17.5	8.75
177408010000	6.6	3.3
177409010000	7.9	3.95
177410010000	14	7
177411010000	17.7	8.85
177412010000	12.2	6.1
177501010000	4.4	2.2
177502010000	0	0
177503010000	11.6	5.8
177504010000	11.2	5.6
177505010000	3.9	1.95
177506010000	12.3	6.15
177507010000	1	0.5
177508010000	7.9	3.95
177509010000	3.2	1.6
177510010000	5.6	2.8
177511010000	15.1	7.55
177512010000	7.9	3.95
177601010000	21.7	10.85
177602010000	11.6	5.8
177603010000	6.3	3.15
177604010000	21.8	10.9
177605010000	11.2	5.6
177606010000	19	9.5
177607010000	1	0.5
177608010000	24.2	12.1
177609010000	16	8
177610010000	30	15
177611010000	35	17.5
177612010000	40	20
177701010000	45	22.5
177702010000	36.5	18.25
177703010000	39	19.5
177704010000	95.5	47.75
177705010000	80.3	40.15
177706010000	80.7	40.35
177707010000	95	47.5
177708010000	112	56
177709010000	116.2	58.1
177710010000	106.5	53.25
177711010000	146	73
177712010000	157.3	78.65
177801010000	177.3	88.65
177802010000	109.3	54.65
177803010000	134	67
177804010000	145	72.5
177805010000	238.9	119.45
177806010000	171.6	85.8
177807010000	153	76.5
177808010000	140	70
177809010000	171.7	85.85
177810010000	156.3	78.15
177811010000	150.3	75.15
177812010000	105	52.5
177901010000	114.7	57.35
177902010000	165.7	82.85
177903010000	118	59
177904010000	145	72.5
177905010000	140	70
177906010000	113.7	56.85
177907010000	143	71.5
177908010000	112	56
177909010000	111	55.5
177910010000	124	62
177911010000	114	57
177912010000	110	55
178001010000	70	35
178002010000	98	49
178003010000	98	49
178004010000	95	47.5
178005010000	107.2	53.6
178006010000	88	44
178007010000	86	43
178008010000	86	43
178009010000	93.7	46.85
178010010000	77	38.5
178011010000	60	30
178012010000	58.7	29.35
178101010000	98.7	49.35
178102010000	74.7	37.35
178103010000	53	26.5
178104010000	68.3	34.15
178105010000	104.7	52.35
178106010000	97.7	48.85
178107010000	73.5	36.75
178108010000	66	33
178109010000	51	25.5
178110010000	27.3	13.65
178111010000	67	33.5
178112010000	35.2	17.6
178201010000	54	27
178202010000	37.5	18.75
178203010000	37	18.5
178204010000	41	20.5
178205010000	54.3	27.15
178206010000	38	19
178207010000	37	18.5
178208010000	44	22
178209010000	34	17
178210010000	23.2	11.6
178211010000	31.5	15.75
178212010000	30	15
178301010000	28	14
178302010000	38.7	19.35
178303010000	26.7	13.35
178304010000	28.3	14.15
178305010000	23	11.5
178306010000	25.2	12.6
178307010000	32.2	16.1
178308010000	20	10
178309010000	18	9
178310010000	8	4
178311010000	15	7.5
178312010000	10.5	5.25
178401010000	13	6.5
178402010000	8	4
178403010000	11	5.5
178404010000	10	5
178405010000	6	3
178406010000	9	4.5
178407010000	6	3
178408010000	10	5
178409010000	10	5
178410010000	8	4
178411010000	17	8.5
178412010000	14	7
178501010000	6.5	3.25
178502010000	8	4
178503010000	9	4.5
178504010000	15.7	7.85
178505010000	20.7	10.35
178506010000	26.3	13.15
178507010000	36.3	18.15
178508010000	20	10
178509010000	32	16
178510010000	47.2	23.6
178511010000	40.2	20.1
178512010000	27.3	13.65
178601010000	37.2	18.6
178602010000	47.6	23.8
178603010000	47.7	23.85
178604010000	85.4	42.7
178605010000	92.3	46.15
178606010000	59	29.5
178607010000	83	41.5
178608010000	89.7	44.85
178609010000	111.5	55.75
178610010000	112.3	56.15
178611010000	116	58
178612010000	112.7	56.35
178701010000	134.7	67.35
178702010000	106	53
178703010000	87.4	43.7
178704010000	127.2	63.6
178705010000	134.8	67.4
178706010000	99.2	49.6
178707010000	128	64
178708010000	137.2	68.6
178709010000	157.3	78.65
178710010000	157	78.5
178711010000	141.5	70.75
178712010000	174	87
178801010000	138	69
178802010000	129.2	64.6
178803010000	143.3	71.65
178804010000	108.5	54.25
178805010000	113	56.5
178806010000	154.2	77.1
178807010000	141.5	70.75
178808010000	136	68
178809010000	141	70.5
178810010000	142	71
178811010000	94.7	47.35
178812010000	129.5	64.75
178901010000	114	57
178902010000	125.3	62.65
178903010000	120	60
178904010000	123.3	61.65
178905010000	123.5	61.75
178906010000	120	60
178907010000	117	58.5
178908010000	103	51.5
178909010000	112	56
178910010000	89.7	44.85
178911010000	134	67
178912010000	135.5	67.75
179001010000	103	51.5
179002010000	127.5	63.75
179003010000	96.3	48.15
179004010000	94	47
179005010000	93	46.5
179006010000	91	45.5
179007010000	69.3	34.65
179008010000	87	43.5
179009010000	77.3	38.65
179010010000	84.3	42.15
179011010000	82	41
179012010000	74	37
179101010000	72.7	36.35
179102010000	62	31
179103010000	74	37
179104010000	77.2	38.6
179105010000	73.7	36.85
179106010000	64.2	32.1
179107010000	71	35.5
179108010000	43	21.5
179109010000	66.5	33.25
179110010000	61.7	30.85
179111010000	67	33.5
179112010000	66	33
179201010000	58	29
179202010000	64	32
179203010000	63	31.5
179204010000	75.7	37.85
179205010000	62	31
179206010000	61	30.5
179207010000	45.8	22.9
179208010000	60	30
179209010000	59	29.5
179210010000	59	29.5
179211010000	57	28.5
179212010000	56	28
179301010000	56	28
179302010000	55	27.5
179303010000	55.5	27.75
179304010000	53	26.5
179305010000	52.3	26.15
179306010000	51	25.5
179307010000	50	25
179308010000	29.3	14.65
179309010000	24	12
179310010000	47	23.5
179311010000	44	22
179312010000	45.7	22.85
179401010000	45	22.5
179402010000	44	22
179403010000	38	19
179404010000	28.4	14.2
179405010000	55.7	27.85
179406010000	41.5	20.75
179407010000	41	20.5
179408010000	40	20
179409010000	11.1	5.55
179410010000	28.5	14.25
179411010000	67.4	33.7
179412010000	51.4	25.7
179501010000	21.4	10.7
179502010000	39.9	19.95
179503010000	12.6	6.3
179504010000	18.6	9.3
179505010000	31	15.5
179506010000	17.1	8.55
179507010000	12.9	6.45
179508010000	25.7	12.85
179509010000	13.5	6.75
179510010000	19.5	9.75
179511010000	25	12.5
179512010000	18	9
179601010000	22	11
179602010000	23.8	11.9
179603010000	15.7	7.85
179604010000	31.7	15.85
179605010000	21	10.5
179606010000	6.7	3.35
179607010000	26.9	13.45
179608010000	1.5	0.75
179609010000	18.4	9.2
179610010000	11	5.5
179611010000	8.4	4.2
179612010000	5.1	2.55
179701010000	14.4	7.2
179702010000	4.2	2.1
179703010000	4	2
179704010000	4	2
179705010000	7.3	3.65
179706010000	11.1	5.55
179707010000	4.3	2.15
179708010000	6	3
179709010000	5.7	2.85
179710010000	6.9	3.45
179711010000	5.8	2.9
179712010000	3	1.5
179801010000	2	1
179802010000	4	2
179803010000	12.4	6.2
179804010000	1.1	0.55
179805010000	0	0
179806010000	0	0
179807010000	0	0
179808010000	3	1.5
179809010000	2.4	1.2
179810010000	1.5	0.75
179811010000	12.5	6.25
179812010000	9.9	4.95
179901010000	1.6	0.8
179902010000	12.6	6.3
179903010000	21.7	10.85
179904010000	8.4	4.2
179905010000	8.2	4.1
179906010000	10.6	5.3
179907010000	2.1	1.05
179908010000	0	0
179909010000	0	0
179910010000	4.6	2.3
179911010000	2.7	1.35
179912010000	8.6	4.3
180001010000	6.9	3.45
180002010000	9.3	4.65
180003010000	13.9	6.95
180004010000	0	0
180005010000	5	2.5
180006010000	23.7	11.85
180007010000	21	10.5
180008010000	19.5	9.75
180009010000	11.5	5.75
180010010000	12.3	6.15
180011010000	10.5	5.25
180012010000	40.1	20.05
180101010000	27	13.5
180102010000	29	14.5
180103010000	30	15
180104010000	31	15.5
180105010000	32	16
180106010000	31.2	15.6
180107010000	35	17.5
180108010000	38.7	19.35
180109010000	33.5	16.75
180110010000	32.6	16.3
180111010000	39.8	19.9
180112010000	48.2	24.1
180201010000	47.8	23.9
180202010000	47	23.5
180203010000	40.8	20.4
180204010000	42	21
180205010000	44	22
180206010000	46	23
180207010000	48	24
180208010000	50	25
180209010000	51.8	25.9
180210010000	38.5	19.25
180211010000	34.5	17.25
180212010000	50	25
180301010000	50	25
180302010000	50.8	25.4
180303010000	29.5	14.75
180304010000	25	12.5
180305010000	44.3	22.15
180306010000	36	18
180307010000	48.3	24.15
180308010000	34.1	17.05
180309010000	45.3	22.65
180310010000	54.3	27.15
180311010000	51	25.5
180312010000	48	24
180401010000	45.3	22.65
180402010000	48.3	24.15
180403010000	48	24
180404010000	50.6	25.3
180405010000	33.4	16.7
180406010000	34.8	17.4
180407010000	29.8	14.9
180408010000	43.1	21.55
180409010000	53	26.5
180410010000	62.3	31.15
180411010000	61	30.5
180412010000	60	30
180501010000	61	30.5
180502010000	44.1	22.05
180503010000	51.4	25.7
180504010000	37.5	18.75
180505010000	39	19.5
180506010000	40.5	20.25
180507010000	37.6	18.8
180508010000	42.7	21.35
180509010000	44.4	22.2
180510010000	29.4	14.7
180511010000	41	20.5
180512010000	38.3	19.15
180601010000	39	19.5
180602010000	29.6	14.8
180603010000	32.7	16.35
180604010000	27.7	13.85
180605010000	26.4	13.2
180606010000	25.6	12.8
180607010000	30	15
180608010000	26.3	13.15
180609010000	24	12
180610010000	27	13.5
180611010000	25	12.5
180612010000	24	12
180701010000	12	6
180702010000	12.2	6.1
180703010000	9.6	4.8
180704010000	23.8	11.9
180705010000	10	5
180706010000	12	6
180707010000	12.7	6.35
180708010000	12	6
180709010000	5.7	2.85
180710010000	8	4
180711010000	2.6	1.3
180712010000	0	0
180801010000	0	0
180802010000	4.5	2.25
180803010000	0	0
180804010000	12.3	6.15
180805010000	13.5	6.75
180806010000	13.5	6.75
180807010000	6.7	3.35
180808010000	8	4
180809010000	11.7	5.85
180810010000	4.7	2.35
180811010000	10.5	5.25
180812010000	12.3	6.15
180901010000	7.2	3.6
180902010000	9.2	4.6
180903010000	0.9	0.45
180904010000	2.5	1.25
180905010000	2	1
180906010000	7.7	3.85
180907010000	0.3	0.15
180908010000	0.2	0.1
180909010000	0.4	0.2
180910010000	0	0
180911010000	0	0
180912010000	0	0
181001010000	0	0
181002010000	0	0
181003010000	0	0
181004010000	0	0
181005010000	0	0
181006010000	0	0
181007010000	0	0
181008010000	0	0
181009010000	0	0
181010010000	0	0
181011010000	0	0
181012010000	0	0
181101010000	0	0
181102010000	0	0
181103010000	0	0
181104010000	0	0
181105010000	0	0
181106010000	0	0
181107010000	6.6	3.3
181108010000	0	0
181109010000	2.4	1.2
181110010000	6.1	3.05
181111010000	0.8	0.4
181112010000	1.1	0.55
181201010000	11.3	5.65
181202010000	1.9	0.95
181203010000	0.7	0.35
181204010000	0	0
181205010000	1	0.5
181206010000	1.3	0.65
181207010000	0.5	0.25
181208010000	15.6	7.8
181209010000	5.2	2.6
181210010000	3.9	1.95
181211010000	7.9	3.95
181212010000	10.1	5.05
181301010000	0	0
181302010000	10.3	5.15
181303010000	1.9	0.95
181304010000	16.6	8.3
181305010000	5.5	2.75
181306010000	11.2	5.6
181307010000	18.3	9.15
181308010000	8.4	4.2
181309010000	15.3	7.65
181310010000	27.8	13.9
181311010000	16.7	8.35
181312010000	14.3	7.15
181401010000	22.2	11.1
181402010000	12	6
181403010000	5.7	2.85
181404010000	23.8	11.9
181405010000	5.8	2.9
181406010000	14.9	7.45
181407010000	18.5	9.25
181408010000	2.3	1.15
181409010000	8.1	4.05
181410010000	19.3	9.65
181411010000	14.5	7.25
181412010000	20.1	10.05
181501010000	19.2	9.6
181502010000	32.2	16.1
181503010000	26.2	13.1
181504010000	31.6	15.8
181505010000	9.8	4.9
181506010000	55.9	27.95
181507010000	35.5	17.75
181508010000	47.2	23.6
181509010000	31.5	15.75
181510010000	33.5	16.75
181511010000	37.2	18.6
181512010000	65	32.5
181601010000	26.3	13.15
181602010000	68.8	34.4
181603010000	73.7	36.85
181604010000	58.8	29.4
181605010000	44.3	22.15
181606010000	43.6	21.8
181607010000	38.8	19.4
181608010000	23.2	11.6
181609010000	47.8	23.9
181610010000	56.4	28.2
181611010000	38.1	19.05
181612010000	29.9	14.95
181701010000	36.4	18.2
181702010000	57.9	28.95
181703010000	96.2	48.1
181704010000	26.4	13.2
181705010000	21.2	10.6
181706010000	40	20
181707010000	50	25
181708010000	45	22.5
181709010000	36.7	18.35
181710010000	25.6	12.8
181711010000	28.9	14.45
181712010000	28.4	14.2
181801010000	34.9	17.45
181802010000	22.4	11.2
181803010000	25.4	12.7
181804010000	34.5	17.25
181805010000	53.1	26.55
181806010000	36.4	18.2
181807010000	28	14
181808010000	31.5	15.75
181809010000	26.1	13.05
181810010000	31.6	15.8
181811010000	10.9	5.45
181812010000	25.8	12.9
181901010000	32.8	16.4
181902010000	20.7	10.35
181903010000	3.7	1.85
181904010000	20.2	10.1
181905010000	19.6	9.8
181906010000	35	17.5
181907010000	31.4	15.7
181908010000	26.1	13.05
181909010000	14.9	7.45
181910010000	27.5	13.75
181911010000	25.1	12.55
181912010000	30.6	15.3
182001010000	19.2	9.6
182002010000	26.6	13.3
182003010000	4.5	2.25
182004010000	19.4	9.7
182005010000	29.3	14.65
182006010000	10.8	5.4
182007010000	20.6	10.3
182008010000	25.9	12.95
182009010000	5.2	2.6
182010010000	8.9	4.45
182011010000	7.9	3.95
182012010000	9.1	4.55
182101010000	21.5	10.75
182102010000	4.2	2.1
182103010000	5.7	2.85
182104010000	9.2	4.6
182105010000	1.7	0.85
182106010000	1.8	0.9
182107010000	2.5	1.25
182108010000	4.8	2.4
182109010000	4.4	2.2
182110010000	18.8	9.4
182111010000	4.4	2.2
182112010000	0.2	0.1
182201010000	0	0
182202010000	0.9	0.45
182203010000	16.1	8.05
182204010000	13.5	6.75
182205010000	1.5	0.75
182206010000	5.6	2.8
182207010000	7.9	3.95
182208010000	2.1	1.05
182209010000	0	0
182210010000	0.4	0.2
182211010000	0	0
182212010000	0	0
182301010000	0	0
182302010000	0	0
182303010000	0.6	0.3
182304010000	0	0
182305010000	0	0
182306010000	0	0
182307010000	0.5	0.25
182308010000	0	0
182309010000	0	0
182310010000	0	0
182311010000	0	0
182312010000	20.4	10.2
182401010000	21.7	10.85
182402010000	10.8	5.4
182403010000	0	0
182404010000	19.4	9.7
182405010000	2.8	1.4
182406010000	0	0
182407010000	0	0
182408010000	1.4	0.7
182409010000	20.5	10.25
182410010000	25.2	12.6
182411010000	0	0
182412010000	0.8	0.4
182501010000	5	2.5
182502010000	15.5	7.75
182503010000	22.4	11.2
182504010000	3.8	1.9
182505010000	15.5	7.75
182506010000	15.4	7.7
182507010000	30.9	15.45
182508010000	25.7	12.85
182509010000	15.7	7.85
182510010000	15.6	7.8
182511010000	11.7	5.85
182512010000	22	11
182601010000	17.7	8.85
182602010000	18.2	9.1
182603010000	36.7	18.35
182604010000	24	12
182605010000	32.4	16.2
182606010000	37.1	18.55
182607010000	52.5	26.25
182608010000	39.6	19.8
182609010000	18.9	9.45
182610010000	50.6	25.3
182611010000	39.5	19.75
182612010000	68.1	34.05
182701010000	34.6	17.3
182702010000	47.4	23.7
182703010000	57.8	28.9
182704010000	46	23
182705010000	56.3	28.15
182706010000	56.7	28.35
182707010000	42.3	21.15
182708010000	53.7	26.85
182709010000	49.6	24.8
182710010000	56.1	28.05
182711010000	48.2	24.1
182712010000	46.1	23.05
182801010000	52.8	26.4
182802010000	64.4	32.2
182803010000	65	32.5
182804010000	61.1	30.55
182805010000	89.1	44.55
182806010000	98	49
182807010000	54.2	27.1
182808010000	76.4	38.2
182809010000	50.4	25.2
182810010000	54.7	27.35
182811010000	57	28.5
182812010000	46.9	23.45
182901010000	43	21.5
182902010000	49.4	24.7
182903010000	72.3	36.15
182904010000	95	47.5
182905010000	67.4	33.7
182906010000	73.9	36.95
182907010000	90.8	45.4
182908010000	77.6	38.8
182909010000	52.8	26.4
182910010000	57.2	28.6
182911010000	67.6	33.8
182912010000	56.5	28.25
183001010000	52.2	26.1
183002010000	72.1	36.05
183003010000	84.6	42.3
183004010000	106.3	53.15
183005010000	66.3	33.15
183006010000	65.1	32.55
183007010000	43.9	21.95
183008010000	50.7	25.35
183009010000	62.1	31.05
183010010000	84.4	42.2
183011010000	81.2	40.6
183012010000	82.1	41.05
183101010000	47.5	23.75
183102010000	50.1	25.05
183103010000	93.4	46.7
183104010000	54.5	27.25
183105010000	38.1	19.05
183106010000	33.4	16.7
183107010000	45.2	22.6
183108010000	55	27.5
183109010000	37.9	18.95
183110010000	46.3	23.15
183111010000	43.5	21.75
183112010000	28.9	14.45
183201010000	30.9	15.45
183202010000	55.6	27.8
183203010000	55.1	27.55
183204010000	26.9	13.45
183205010000	41.3	20.65
183206010000	26.7	13.35
183207010000	14	7
183208010000	8.9	4.45
183209010000	8.2	4.1
183210010000	21.1	10.55
183211010000	14.3	7.15
183212010000	27.5	13.75
183301010000	11.3	5.65
183302010000	14.9	7.45
183303010000	11.8	5.9
183304010000	2.8	1.4
183305010000	12.9	6.45
183306010000	1	0.5
183307010000	7	3.5
183308010000	5.7	2.85
183309010000	11.6	5.8
183310010000	7.5	3.75
183311010000	5.9	2.95
183312010000	9.9	4.95
183401010000	4.9	2.45
183402010000	18.1	9.05
183403010000	3.9	1.95
183404010000	1.4	0.7
183405010000	8.8	4.4
183406010000	7.8	3.9
183407010000	8.7	4.35
183408010000	4	2
183409010000	11.5	5.75
183410010000	24.8	12.4
183411010000	30.5	15.25
183412010000	34.5	17.25
183501010000	7.5	3.75
183502010000	24.5	12.25
183503010000	19.7	9.85
183504010000	61.5	30.75
183505010000	43.6	21.8
183506010000	33.2	16.6
183507010000	59.8	29.9
183508010000	59	29.5
183509010000	100.8	50.4
183510010000	95.2	47.6
183511010000	100	50
183512010000	77.5	38.75
183601010000	88.6	44.3
183602010000	107.6	53.8
183603010000	98.2	49.1
183604010000	142.9	71.45
183605010000	111.4	55.7
183606010000	124.7	62.35
183607010000	116.7	58.35
183608010000	107.8	53.9
183609010000	95.1	47.55
183610010000	137.4	68.7
183611010000	120.9	60.45
183612010000	206.2	103.1
183701010000	188	94
183702010000	175.6	87.8
183703010000	134.6	67.3
183704010000	138.2	69.1
183705010000	111.7	55.85
183706010000	158	79
183707010000	162.8	81.4
183708010000	134	67
183709010000	96.3	48.15
183710010000	123.7	61.85
183711010000	107	53.5
183712010000	129.8	64.9
183801010000	144.9	72.45
183802010000	84.8	42.4
183803010000	140.8	70.4
183804010000	126.6	63.3
183805010000	137.6	68.8
183806010000	94.5	47.25
183807010000	108.2	54.1
183808010000	78.8	39.4
183809010000	73.6	36.8
183810010000	90.8	45.4
183811010000	77.4	38.7
183812010000	79.8	39.9
183901010000	105.6	52.8
183902010000	102.5	51.25
183903010000	77.7	38.85
183904010000	61.8	30.9
183905010000	53.8	26.9
183906010000	54.6	27.3
183907010000	84.8	42.4
183908010000	131.2	65.6
183909010000	132.7	66.35
183910010000	90.9	45.45
183911010000	68.8	34.4
183912010000	63.7	31.85
184001010000	81.2	40.6
184002010000	87.7	43.85
184003010000	67.8	33.9
184004010000	65.9	32.95
184005010000	69.2	34.6
184006010000	48.5	24.25
184007010000	60.7	30.35
184008010000	57.8	28.9
184009010000	74	37
184010010000	55	27.5
184011010000	54.3	27.15
184012010000	53.7	26.85
184101010000	24.1	12.05
184102010000	29.9	14.95
184103010000	29.7	14.85
184104010000	40.2	20.1
184105010000	67.5	33.75
184106010000	55.7	27.85
184107010000	30.8	15.4
184108010000	39.3	19.65
184109010000	36.5	18.25
184110010000	28.5	14.25
184111010000	19.8	9.9
184112010000	38.8	19.4
184201010000	20.4	10.2
184202010000	22.1	11.05
184203010000	21.7	10.85
184204010000	26.9	13.45
184205010000	24.9	12.45
184206010000	20.5	10.25
184207010000	12.6	6.3
184208010000	26.6	13.3
184209010000	18.4	9.2
184210010000	38.1	19.05
184211010000	40.5	20.25
184212010000	17.6	8.8
184301010000	13.3	6.65
184302010000	3.5	1.75
184303010000	8.3	4.15
184304010000	9.5	4.75
184305010000	21.1	10.55
184306010000	10.5	5.25
184307010000	9.5	4.75
184308010000	11.8	5.9
184309010000	4.2	2.1
184310010000	5.3	2.65
184311010000	19.1	9.55
184312010000	12.7	6.35
184401010000	9.4	4.7
184402010000	14.7	7.35
184403010000	13.6	6.8
184404010000	20.8	10.4
184405010000	11.6	5.8
184406010000	3.7	1.85
184407010000	21.2	10.6
184408010000	23.9	11.95
184409010000	7	3.5
184410010000	21.5	10.75
184411010000	10.7	5.35
184412010000	21.6	10.8
184501010000	25.7	12.85
184502010000	43.6	21.8
184503010000	43.3	21.65
184504010000	57	28.5
184505010000	47.8	23.9
184506010000	31.1	15.55
184507010000	30.6	15.3
184508010000	32.3	16.15
184509010000	29.6	14.8
184510010000	40.7	20.35
184511010000	39.4	19.7
184512010000	59.7	29.85
184601010000	38.7	19.35
184602010000	51	25.5
184603010000	63.9	31.95
184604010000	69.3	34.65
184605010000	59.9	29.95
184606010000	65.1	32.55
184607010000	46.5	23.25
184608010000	54.8	27.4
184609010000	107.1	53.55
184610010000	55.9	27.95
184611010000	60.4	30.2
184612010000	65.5	32.75
184701010000	62.6	31.3
184702010000	44.9	22.45
184703010000	85.7	42.85
184704010000	44.7	22.35
184705010000	75.4	37.7
184706010000	85.3	42.65
184707010000	52.2	26.1
184708010000	140.6	70.3
184709010000	160.9	80.45
184710010000	180.4	90.2
184711010000	138.9	69.45
184712010000	109.6	54.8
184801010000	159.1	79.55
184802010000	111.8	55.9
184803010000	108.6	54.3
184804010000	107.1	53.55
184805010000	102.2	51.1
184806010000	129	64.5
184807010000	139.2	69.6
184808010000	132.6	66.3
184809010000	100.3	50.15
184810010000	132.4	66.2
184811010000	114.6	57.3
184812010000	159.5	79.75
184901010000	157	78.5
184902010000	131.7	65.85
184903010000	96.2	48.1
184904010000	102.5	51.25
184905010000	80.6	40.3
184906010000	81.1	40.55
184907010000	78	39
184908010000	67.7	33.85
184909010000	93.7	46.85
184910010000	71.5	35.75
184911010000	99	49.5
184912010000	97	48.5
185001010000	78	39
185002010000	89.4	44.7
185003010000	82.6	41.3
185004010000	44.1	22.05
185005010000	61.6	30.8
185006010000	70	35
185007010000	39.1	19.55
185008010000	61.6	30.8
185009010000	86.2	43.1
185010010000	71	35.5
185011010000	54.8	27.4
185012010000	61	30.5
185101010000	75.5	37.75
185102010000	105.4	52.7
185103010000	64.6	32.3
185104010000	56.5	28.25
185105010000	62.6	31.3
185106010000	63.2	31.6
185107010000	36.1	18.05
185108010000	57.4	28.7
185109010000	67.9	33.95
185110010000	62.5	31.25
185111010000	51	25.5
185112010000	71.4	35.7
185201010000	68.4	34.2
185202010000	66.4	33.2
185203010000	61.2	30.6
185204010000	65.4	32.7
185205010000	54.9	27.45
185206010000	46.9	23.45
185207010000	42.1	21.05
185208010000	39.7	19.85
185209010000	37.5	18.75
185210010000	67.3	33.65
185211010000	54.3	27.15
185212010000	45.4	22.7
185301010000	41.1	20.55
185302010000	42.9	21.45
185303010000	37.7	18.85
185304010000	47.6	23.8
185305010000	34.7	17.35
185306010000	40	20
185307010000	45.9	22.95
185308010000	50.4	25.2
185309010000	33.5	16.75
185310010000	42.3	21.15
185311010000	28.8	14.4
185312010000	23.4	11.7
185401010000	15.4	7.7
185402010000	20	10
185403010000	20.7	10.35
185404010000	26.5	13.25
185405010000	24	12
185406010000	21.1	10.55
185407010000	18.7	9.35
185408010000	15.8	7.9
185409010000	22.4	11.2
185410010000	12.6	6.3
185411010000	28.2	14.1
185412010000	21.6	10.8
185501010000	12.3	6.15
185502010000	11.4	5.7
185503010000	17.4	8.7
185504010000	4.4	2.2
185505010000	9.1	4.55
185506010000	5.3	2.65
185507010000	0.4	0.2
185508010000	3.1	1.55
185509010000	0	0
185510010000	9.6	4.8
185511010000	4.2	2.1
185512010000	3.1	1.55
185601010000	0.5	0.25
185602010000	4.9	2.45
185603010000	0.4	0.2
185604010000	6.5	3.25
185605010000	0	0
185606010000	5.2	2.6
185607010000	4.6	2.3
185608010000	5.9	2.95
185609010000	4.4	2.2
185610010000	4.5	2.25
185611010000	7.7	3.85
185612010000	7.2	3.6
185701010000	13.7	6.85
185702010000	7.4	3.7
185703010000	5.2	2.6
185704010000	11.1	5.55
185705010000	28.6	14.3
185706010000	16	8
185707010000	22.2	11.1
185708010000	16.9	8.45
185709010000	42.4	21.2
185710010000	40.6	20.3
185711010000	31.4	15.7
185712010000	37.2	18.6
185801010000	39	19.5
185802010000	34.9	17.45
185803010000	57.5	28.75
185804010000	38.3	19.15
185805010000	41.4	20.7
185806010000	44.5	22.25
185807010000	56.7	28.35
185808010000	55.3	27.65
185809010000	80.1	40.05
185810010000	91.2	45.6
185811010000	51.9	25.95
185812010000	66.9	33.45
185901010000	83.7	41.85
185902010000	87.6	43.8
185903010000	90.3	45.15
185904010000	85.7	42.85
185905010000	91	45.5
185906010000	87.1	43.55
185907010000	95.2	47.6
185908010000	106.8	53.4
185909010000	105.8	52.9
185910010000	114.6	57.3
185911010000	97.2	48.6
185912010000	81	40.5
186001010000	82.4	41.2
186002010000	88.3	44.15
186003010000	98.9	49.45
186004010000	71.4	35.7
186005010000	107.1	53.55
186006010000	108.6	54.3
186007010000	116.7	58.35
186008010000	100.3	50.15
186009010000	92.2	46.1
186010010000	90.1	45.05
186011010000	97.9	48.95
186012010000	95.6	47.8
186101010000	62.3	31.15
186102010000	77.7	38.85
186103010000	101	50.5
186104010000	98.5	49.25
186105010000	56.8	28.4
186106010000	88.1	44.05
186107010000	78	39
186108010000	82.5	41.25
186109010000	79.9	39.95
186110010000	67.2	33.6
186111010000	53.7	26.85
186112010000	80.5	40.25
186201010000	63.1	31.55
186202010000	64.5	32.25
186203010000	43.6	21.8
186204010000	53.7	26.85
186205010000	64.4	32.2
186206010000	84	42
186207010000	73.4	36.7
186208010000	62.5	31.25
186209010000	66.6	33.3
186210010000	41.9	20.95
186211010000	50.6	25.3
186212010000	40.9	20.45
186301010000	48.3	24.15
186302010000	56.7	28.35
186303010000	66.4	33.2
186304010000	40.6	20.3
186305010000	53.8	26.9
186306010000	40.8	20.4
186307010000	32.7	16.35
186308010000	48.1	24.05
186309010000	22	11
186310010000	39.9	19.95
186311010000	37.7	18.85
186312010000	41.2	20.6
186401010000	57.7	28.85
186402010000	47.1	23.55
186403010000	66.3	33.15
186404010000	35.8	17.9
186405010000	40.6	20.3
186406010000	57.8	28.9
186407010000	54.7	27.35
186408010000	54.8	27.4
186409010000	28.5	14.25
186410010000	33.9	16.95
186411010000	57.6	28.8
186412010000	28.6	14.3
186501010000	48.7	24.35
186502010000	39.3	19.65
186503010000	39.5	19.75
186504010000	29.4	14.7
186505010000	34.5	17.25
186506010000	33.6	16.8
186507010000	26.8	13.4
186508010000	37.8	18.9
186509010000	21.6	10.8
186510010000	17.1	8.55
186511010000	24.6	12.3
186512010000	12.8	6.4
186601010000	31.6	15.8
186602010000	38.4	19.2
186603010000	24.6	12.3
186604010000	17.6	8.8
186605010000	12.9	6.45
186606010000	16.5	8.25
186607010000	9.3	4.65
186608010000	12.7	6.35
186609010000	7.3	3.65
186610010000	14.1	7.05
186611010000	9	4.5
186612010000	1.5	0.75
186701010000	0	0
186702010000	0.7	0.35
186703010000	9.2	4.6
186704010000	5.1	2.55
186705010000	2.9	1.45
186706010000	1.5	0.75
186707010000	5	2.5
186708010000	4.8	2.4
186709010000	9.8	4.9
186710010000	13.5	6.75
186711010000	9.6	4.8
186712010000	25.2	12.6
186801010000	15.6	7.8
186802010000	15.7	7.85
186803010000	26.5	13.25
186804010000	36.6	18.3
186805010000	26.7	13.35
186806010000	31.1	15.55
186807010000	29	14.5
186808010000	34.4	17.2
186809010000	47.2	23.6
186810010000	61.6	30.8
186811010000	59.1	29.55
186812010000	67.6	33.8
186901010000	60.9	30.45
186902010000	59.9	29.95
186903010000	52.7	26.35
186904010000	41	20.5
186905010000	103.9	51.95
186906010000	108.4	54.2
186907010000	59.2	29.6
186908010000	79.6	39.8
186909010000	80.6	40.3
186910010000	59.3	29.65
186911010000	78.1	39.05
186912010000	104.3	52.15
187001010000	77.3	38.65
187002010000	114.9	57.45
187003010000	157.6	78.8
187004010000	160	80
187005010000	176	88
187006010000	135.6	67.8
187007010000	132.4	66.2
187008010000	153.8	76.9
187009010000	136	68
187010010000	146.4	73.2
187011010000	147.5	73.75
187012010000	130	65
187101010000	88.3	44.15
187102010000	125.3	62.65
187103010000	143.2	71.6
187104010000	162.4	81.2
187105010000	145.5	72.75
187106010000	91.7	45.85
187107010000	103	51.5
187108010000	110.1	55.05
187109010000	80.3	40.15
187110010000	89	44.5
187111010000	105.4	52.7
187112010000	90.4	45.2
187201010000	79.5	39.75
187202010000	120.1	60.05
187203010000	88.4	44.2
187204010000	102.1	51.05
187205010000	107.6	53.8
187206010000	109.9	54.95
187207010000	105.5	52.75
187208010000	92.9	46.45
187209010000	114.6	57.3
187210010000	102.6	51.3
187211010000	112	56
187212010000	83.9	41.95
187301010000	86.7	43.35
187302010000	107	53.5
187303010000	98.3	49.15
187304010000	76.2	38.1
187305010000	47.9	23.95
187306010000	44.8	22.4
187307010000	66.9	33.45
187308010000	68.2	34.1
187309010000	47.1	23.55
187310010000	47.1	23.55
187311010000	55.4	27.7
187312010000	49.2	24.6
187401010000	60.8	30.4
187402010000	64.2	32.1
187403010000	46.4	23.2
187404010000	32	16
187405010000	44.6	22.3
187406010000	38.2	19.1
187407010000	67.8	33.9
187408010000	61.3	30.65
187409010000	28	14
187410010000	34.3	17.15
187411010000	28.9	14.45
187412010000	29.3	14.65
187501010000	14.6	7.3
187502010000	21.5	10.75
187503010000	33.8	16.9
187504010000	29.1	14.55
187505010000	11.5	5.75
187506010000	23.9	11.95
187507010000	12.5	6.25
187508010000	14.6	7.3
187509010000	2.4	1.2
187510010000	12.7	6.35
187511010000	17.7	8.85
187512010000	9.9	4.95
187601010000	14.3	7.15
187602010000	15	7.5
187603010000	30.6	15.3
187604010000	2.3	1.15
187605010000	5.1	2.55
187606010000	1.6	0.8
187607010000	15.2	7.6
187608010000	8.8	4.4
187609010000	9.9	4.95
187610010000	14.3	7.15
187611010000	9.9	4.95
187612010000	8.2	4.1
187701010000	24.4	12.2
187702010000	8.7	4.35
187703010000	11.9	5.95
187704010000	15.8	7.9
187705010000	21.6	10.8
187706010000	14.2	7.1
187707010000	6	3
187708010000	6.3	3.15
187709010000	16.9	8.45
187710010000	6.7	3.35
187711010000	14.2	7.1
187712010000	2.2	1.1
187801010000	3.3	1.65
187802010000	6.6	3.3
187803010000	7.8	3.9
187804010000	0.1	0.05
187805010000	5.9	2.95
187806010000	6.4	3.2
187807010000	0.1	0.05
187808010000	0	0
187809010000	5.3	2.65
187810010000	1.1	0.55
187811010000	4.1	2.05
187812010000	0.5	0.25
187901010000	1	0.5
187902010000	0.6	0.3
187903010000	0	0
187904010000	6.2	3.1
187905010000	2.4	1.2
187906010000	4.8	2.4
187907010000	7.5	3.75
187908010000	10.7	5.35
187909010000	6.1	3.05
187910010000	12.3	6.15
187911010000	13.1	6.55
187912010000	7.3	3.65
188001010000	24	12
188002010000	27.2	13.6
188003010000	19.3	9.65
188004010000	19.5	9.75
188005010000	23.5	11.75
188006010000	34.1	17.05
188007010000	21.9	10.95
188008010000	48.1	24.05
188009010000	66	33
188010010000	43	21.5
188011010000	30.7	15.35
188012010000	29.6	14.8
188101010000	36.4	18.2
188102010000	53.2	26.6
188103010000	51.5	25.75
188104010000	51.6	25.8
188105010000	43.5	21.75
188106010000	60.5	30.25
188107010000	76.9	38.45
188108010000	58.4	29.2
188109010000	53.2	26.6
188110010000	64.4	32.2
188111010000	54.8	27.4
188112010000	47.3	23.65
188201010000	45	22.5
188202010000	69.5	34.75
188203010000	66.8	33.4
188204010000	95.8	47.9
188205010000	64.1	32.05
188206010000	45.2	22.6
188207010000	45.4	22.7
188208010000	40.4	20.2
188209010000	57.7	28.85
188210010000	59.2	29.6
188211010000	84.4	42.2
188212010000	41.8	20.9
188301010000	60.6	30.3
188302010000	46.9	23.45
188303010000	42.8	21.4
188304010000	82.1	41.05
188305010000	31.5	15.75
188306010000	76.3	38.15
188307010000	80.6	40.3
188308010000	46	23
188309010000	52.6	26.3
188310010000	83.8	41.9
188311010000	84.5	42.25
188312010000	75.9	37.95
188401010000	91.5	45.75
188402010000	86.9	43.45
188403010000	87.5	43.75
188404010000	76.1	38.05
188405010000	66.5	33.25
188406010000	51.2	25.6
188407010000	53.1	26.55
188408010000	55.8	27.9
188409010000	61.9	30.95
188410010000	47.8	23.9
188411010000	36.6	18.3
188412010000	47.2	23.6
188501010000	42.8	21.4
188502010000	71.8	35.9
188503010000	49.8	24.9
188504010000	55	27.5
188505010000	73	36.5
188506010000	83.7	41.85
188507010000	66.5	33.25
188508010000	50	25
188509010000	39.6	19.8
188510010000	38.7	19.35
188511010000	30.9	15.45
188512010000	21.7	10.85
188601010000	29.9	14.95
188602010000	25.9	12.95
188603010000	57.3	28.65
188604010000	43.7	21.85
188605010000	30.7	15.35
188606010000	27.1	13.55
188607010000	30.3	15.15
188608010000	16.9	8.45
188609010000	21.4	10.7
188610010000	8.6	4.3
188611010000	0.3	0.15
188612010000	13	6.5
188701010000	10.3	5.15
188702010000	13.2	6.6
188703010000	4.2	2.1
188704010000	6.9	3.45
188705010000	20	10
188706010000	15.7	7.85
188707010000	23.3	11.65
188708010000	21.4	10.7
188709010000	7.4	3.7
188710010000	6.6	3.3
188711010000	6.9	3.45
188712010000	20.7	10.35
188801010000	12.7	6.35
188802010000	7.1	3.55
188803010000	7.8	3.9
188804010000	5.1	2.55
188805010000	7	3.5
188806010000	7.1	3.55
188807010000	3.1	1.55
188808010000	2.8	1.4
188809010000	8.8	4.4
188810010000	2.1	1.05
188811010000	10.7	5.35
188812010000	6.7	3.35
188901010000	0.8	0.4
188902010000	8.5	4.25
188903010000	6.7	3.35
188904010000	4.3	2.15
188905010000	2.4	1.2
188906010000	6.4	3.2
188907010000	9.4	4.7
188908010000	20.6	10.3
188909010000	6.5	3.25
188910010000	2.1	1.05
188911010000	0.2	0.1
188912010000	6.7	3.35
189001010000	5.3	2.65
189002010000	0.6	0.3
189003010000	5.1	2.55
189004010000	1.6	0.8
189005010000	4.8	2.4
189006010000	1.3	0.65
189007010000	11.6	5.8
189008010000	8.5	4.25
189009010000	17.2	8.6
189010010000	11.2	5.6
189011010000	9.6	4.8
189012010000	7.8	3.9
189101010000	13.5	6.75
189102010000	22.2	11.1
189103010000	10.4	5.2
189104010000	20.5	10.25
189105010000	41.1	20.55
189106010000	48.3	24.15
189107010000	58.8	29.4
189108010000	33	16.5
189109010000	53.8	26.9
189110010000	51.5	25.75
189111010000	41.9	20.95
189112010000	32.5	16.25
189201010000	69.1	34.55
189202010000	75.6	37.8
189203010000	49.9	24.95
189204010000	69.6	34.8
189205010000	79.6	39.8
189206010000	76.3	38.15
189207010000	76.5	38.25
189208010000	101.4	50.7
189209010000	62.8	31.4
189210010000	70.5	35.25
189211010000	65.4	32.7
189212010000	78.6	39.3
189301010000	75	37.5
189302010000	73	36.5
189303010000	65.7	32.85
189304010000	88.1	44.05
189305010000	84.7	42.35
189306010000	89.9	44.95
189307010000	88.6	44.3
189308010000	129.2	64.6
189309010000	77.9	38.95
189310010000	80	40
189311010000	75.1	37.55
189312010000	93.8	46.9
189401010000	83.2	41.6
189402010000	84.6	42.3
189403010000	52.3	26.15
189404010000	81.6	40.8
189405010000	101.2	50.6
189406010000	98.9	49.45
189407010000	106	53
189408010000	70.3	35.15
189409010000	65.9	32.95
189410010000	75.5	37.75
189411010000	56.6	28.3
189412010000	60	30
189501010000	63.3	31.65
189502010000	67.2	33.6
189503010000	61	30.5
189504010000	76.9	38.45
189505010000	67.5	33.75
189506010000	71.5	35.75
189507010000	47.8	23.9
189508010000	68.9	34.45
189509010000	57.7	28.85
189510010000	67.9	33.95
189511010000	47.2	23.6
189512010000	70.7	35.35
189601010000	29	14.5
189602010000	57.4	28.7
189603010000	52	26
189604010000	43.8	21.9
189605010000	27.7	13.85
189606010000	49	24.5
189607010000	45	22.5
189608010000	27.2	13.6
189609010000	61.3	30.65
189610010000	28.7	14.35
189611010000	38	19
189612010000	42.6	21.3
189701010000	40.6	20.3
189702010000	29.4	14.7
189703010000	29.1	14.55
189704010000	31	15.5
189705010000	20	10
189706010000	11.3	5.65
189707010000	27.6	13.8
189708010000	21.8	10.9
189709010000	48.1	24.05
189710010000	14.3	7.15
189711010000	8.4	4.2
189712010000	33.3	16.65
189801010000	30.2	15.1
189802010000	36.4	18.2
189803010000	38.3	19.15
189804010000	14.5	7.25
189805010000	25.8	12.9
189806010000	22.3	11.15
189807010000	9	4.5
189808010000	31.4	15.7
189809010000	34.8	17.4
189810010000	34.4	17.2
189811010000	30.9	15.45
189812010000	12.6	6.3
189901010000	19.5	9.75
189902010000	9.2	4.6
189903010000	18.1	9.05
189904010000	14.2	7.1
189905010000	7.7	3.85
189906010000	20.5	10.25
189907010000	13.5	6.75
189908010000	2.9	1.45
189909010000	8.4	4.2
189910010000	13	6.5
189911010000	7.8	3.9
189912010000	10.5	5.25
190001010000	9.4	4.7
190002010000	13.6	6.8
190003010000	8.6	4.3
190004010000	16	8
190005010000	15.2	7.6
190006010000	12.1	6.05
190007010000	8.3	4.15
190008010000	4.3	2.15
190009010000	8.3	4.15
190010010000	12.9	6.45
190011010000	4.5	2.25
190012010000	0.3	0.15
190101010000	0.2	0.1
190102010000	2.4	1.2
190103010000	4.5	2.25
190104010000	0	0
190105010000	10.2	5.1
190106010000	5.8	2.9
190107010000	0.7	0.35
190108010000	1	0.5
190109010000	0.6	0.3
190110010000	3.7	1.85
190111010000	3.8	1.9
190112010000	0	0
190201010000	5.5	2.75
190202010000	0	0
190203010000	12.4	6.2
190204010000	0	0
190205010000	2.8	1.4
190206010000	1.4	0.7
190207010000	0.9	0.45
190208010000	2.3	1.15
190209010000	7.6	3.8
190210010000	16.3	8.15
190211010000	10.3	5.15
190212010000	1.1	0.55
190301010000	8.3	4.15
190302010000	17	8.5
190303010000	13.5	6.75
190304010000	26.1	13.05
190305010000	14.6	7.3
190306010000	16.3	8.15
190307010000	27.9	13.95
190308010000	28.8	14.4
190309010000	11.1	5.55
190310010000	38.9	19.45
190311010000	44.5	22.25
190312010000	45.6	22.8
190401010000	31.6	15.8
190402010000	24.5	12.25
190403010000	37.2	18.6
190404010000	43	21.5
190405010000	39.5	19.75
190406010000	41.9	20.95
190407010000	50.6	25.3
190408010000	58.2	29.1
190409010000	30.1	15.05
190410010000	54.2	27.1
190411010000	38	19
190412010000	54.6	27.3
190501010000	54.8	27.4
190502010000	85.8	42.9
190503010000	56.5	28.25
190504010000	39.3	19.65
190505010000	48	24
190506010000	49	24.5
190507010000	73	36.5
190508010000	58.8	29.4
190509010000	55	27.5
190510010000	78.7	39.35
190511010000	107.2	53.6
190512010000	55.5	27.75
190601010000	45.5	22.75
190602010000	31.3	15.65
190603010000	64.5	32.25
190604010000	55.3	27.65
190605010000	57.7	28.85
190606010000	63.2	31.6
190607010000	103.6	51.8
190608010000	47.7	23.85
190609010000	56.1	28.05
190610010000	17.8	8.9
190611010000	38.9	19.45
190612010000	64.7	32.35
190701010000	76.4	38.2
190702010000	108.2	54.1
190703010000	60.7	30.35
190704010000	52.6	26.3
190705010000	42.9	21.45
190706010000	40.4	20.2
190707010000	49.7	24.85
190708010000	54.3	27.15
190709010000	85	42.5
190710010000	65.4	32.7
190711010000	61.5	30.75
190712010000	47.3	23.65
190801010000	39.2	19.6
190802010000	33.9	16.95
190803010000	28.7	14.35
190804010000	57.6	28.8
190805010000	40.8	20.4
190806010000	48.1	24.05
190807010000	39.5	19.75
190808010000	90.5	45.25
190809010000	86.9	43.45
190810010000	32.3	16.15
190811010000	45.5	22.75
190812010000	39.5	19.75
190901010000	56.7	28.35
190902010000	46.6	23.3
190903010000	66.3	33.15
190904010000	32.3	16.15
190905010000	36	18
190906010000	22.6	11.3
190907010000	35.8	17.9
190908010000	23.1	11.55
190909010000	38.8	19.4
190910010000	58.4	29.2
190911010000	55.8	27.9
190912010000	54.2	27.1
191001010000	26.4	13.2
191002010000	31.5	15.75
191003010000	21.4	10.7
191004010000	8.4	4.2
191005010000	22.2	11.1
191006010000	12.3	6.15
191007010000	14.1	7.05
191008010000	11.5	5.75
191009010000	26.2	13.1
191010010000	38.3	19.15
191011010000	4.9	2.45
191012010000	5.8	2.9
191101010000	3.4	1.7
191102010000	9	4.5
191103010000	7.8	3.9
191104010000	16.5	8.25
191105010000	9	4.5
191106010000	2.2	1.1
191107010000	3.5	1.75
191108010000	4	2
191109010000	4	2
191110010000	2.6	1.3
191111010000	4.2	2.1
191112010000	2.2	1.1
191201010000	0.3	0.15
191202010000	0	0
191203010000	4.9	2.45
191204010000	4.5	2.25
191205010000	4.4	2.2
191206010000	4.1	2.05
191207010000	3	1.5
191208010000	0.3	0.15
191209010000	9.5	4.75
191210010000	4.6	2.3
191211010000	1.1	0.55
191212010000	6.4	3.2
191301010000	2.3	1.15
191302010000	2.9	1.45
191303010000	0.5	0.25
191304010000	0.9	0.45
191305010000	0	0
191306010000	0	0
191307010000	1.7	0.85
191308010000	0.2	0.1
191309010000	1.2	0.6
191310010000	3.1	1.55
191311010000	0.7	0.35
191312010000	3.8	1.9
191401010000	2.8	1.4
191402010000	2.6	1.3
191403010000	3.1	1.55
191404010000	17.3	8.65
191405010000	5.2	2.6
191406010000	11.4	5.7
191407010000	5.4	2.7
191408010000	7.7	3.85
191409010000	12.7	6.35
191410010000	8.2	4.1
191411010000	16.4	8.2
191412010000	22.3	11.15
191501010000	23	11.5
191502010000	42.3	21.15
191503010000	38.8	19.4
191504010000	41.3	20.65
191505010000	33	16.5
191506010000	68.8	34.4
191507010000	71.6	35.8
191508010000	69.6	34.8
191509010000	49.5	24.75
191510010000	53.5	26.75
191511010000	42.5	21.25
191512010000	34.5	17.25
191601010000	45.3	22.65
191602010000	55.4	27.7
191603010000	67	33.5
191604010000	71.8	35.9
191605010000	74.5	37.25
191606010000	67.7	33.85
191607010000	53.5	26.75
191608010000	35.2	17.6
191609010000	45.1	22.55
191610010000	50.7	25.35
191611010000	65.6	32.8
191612010000	53	26.5
191701010000	74.7	37.35
191702010000	71.9	35.95
191703010000	94.8	47.4
191704010000	74.7	37.35
191705010000	114.1	57.05
191706010000	114.9	57.45
191707010000	119.8	59.9
191708010000	154.5	77.25
191709010000	129.4	64.7
191710010000	72.2	36.1
191711010000	96.4	48.2
191712010000	129.3	64.65
191801010000	96	48
191802010000	65.3	32.65
191803010000	72.2	36.1
191804010000	80.5	40.25
191805010000	76.7	38.35
191806010000	59.4	29.7
191807010000	107.6	53.8
191808010000	101.7	50.85
191809010000	79.9	39.95
191810010000	85	42.5
191811010000	83.4	41.7
191812010000	59.2	29.6
191901010000	48.1	24.05
191902010000	79.5	39.75
191903010000	66.5	33.25
191904010000	51.8	25.9
191905010000	88.1	44.05
191906010000	111.2	55.6
191907010000	64.7	32.35
191908010000	69	34.5
191909010000	54.7	27.35
191910010000	52.8	26.4
191911010000	42	21
191912010000	34.9	17.45
192001010000	51.1	25.55
192002010000	53.9	26.95
192003010000	70.2	35.1
192004010000	14.8	7.4
192005010000	33.3	16.65
192006010000	38.7	19.35
192007010000	27.5	13.75
192008010000	19.2	9.6
192009010000	36.3	18.15
192010010000	49.6	24.8
192011010000	27.2	13.6
192012010000	29.9	14.95
192101010000	31.5	15.75
192102010000	28.3	14.15
192103010000	26.7	13.35
192104010000	32.4	16.2
192105010000	22.2	11.1
192106010000	33.7	16.85
192107010000	41.9	20.95
192108010000	22.8	11.4
192109010000	17.8	8.9
192110010000	18.2	9.1
192111010000	17.8	8.9
192112010000	20.3	10.15
192201010000	11.8	5.9
192202010000	26.4	13.2
192203010000	54.7	27.35
192204010000	11	5.5
192205010000	8	4
192206010000	5.8	2.9
192207010000	10.9	5.45
192208010000	6.5	3.25
192209010000	4.7	2.35
192210010000	6.2	3.1
192211010000	7.4	3.7
192212010000	17.5	8.75
192301010000	4.5	2.25
192302010000	1.5	0.75
192303010000	3.3	1.65
192304010000	6.1	3.05
192305010000	3.2	1.6
192306010000	9.1	4.55
192307010000	3.5	1.75
192308010000	0.5	0.25
192309010000	13.2	6.6
192310010000	11.6	5.8
192311010000	10	5
192312010000	2.8	1.4
192401010000	0.5	0.25
192402010000	5.1	2.55
192403010000	1.8	0.9
192404010000	11.3	5.65
192405010000	20.8	10.4
192406010000	24	12
192407010000	28.1	14.05
192408010000	19.3	9.65
192409010000	25.1	12.55
192410010000	25.6	12.8
192411010000	22.5	11.25
192412010000	16.5	8.25
192501010000	5.5	2.75
192502010000	23.2	11.6
192503010000	18	9
192504010000	31.7	15.85
192505010000	42.8	21.4
192506010000	47.5	23.75
192507010000	38.5	19.25
192508010000	37.9	18.95
192509010000	60.2	30.1
192510010000	69.2	34.6
192511010000	58.6	29.3
192512010000	98.6	49.3
192601010000	71.8	35.9
192602010000	69.9	34.95
192603010000	62.5	31.25
192604010000	38.5	19.25
192605010000	64.3	32.15
192606010000	73.5	36.75
192607010000	52.3	26.15
192608010000	61.6	30.8
192609010000	60.8	30.4
192610010000	71.5	35.75
192611010000	60.5	30.25
192612010000	79.4	39.7
192701010000	81.6	40.8
192702010000	93	46.5
192703010000	69.6	34.8
192704010000	93.5	46.75
192705010000	79.1	39.55
192706010000	59.1	29.55
192707010000	54.9	27.45
192708010000	53.8	26.9
192709010000	68.4	34.2
192710010000	63.1	31.55
192711010000	67.2	33.6
192712010000	45.2	22.6
192801010000	83.5	41.75
192802010000	73.5	36.75
192803010000	85.4	42.7
192804010000	80.6	40.3
192805010000	77	38.5
192806010000	91.4	45.7
192807010000	98	49
192808010000	83.8	41.9
192809010000	89.7	44.85
192810010000	61.4	30.7
192811010000	50.3	25.15
192812010000	59	29.5
192901010000	68.9	34.45
192902010000	62.8	31.4
192903010000	50.2	25.1
192904010000	52.8	26.4
192905010000	58.2	29.1
192906010000	71.9	35.95
192907010000	70.2	35.1
192908010000	65.8	32.9
192909010000	34.4	17.2
192910010000	54	27
192911010000	81.1	40.55
192912010000	108	54
193001010000	65.3	32.65
193002010000	49.9	24.95
193003010000	35	17.5
193004010000	38.2	19.1
193005010000	36.8	18.4
193006010000	28.8	14.4
193007010000	21.9	10.95
193008010000	24.9	12.45
193009010000	32.1	16.05
193010010000	34.4	17.2
193011010000	35.6	17.8
193012010000	25.8	12.9
193101010000	14.6	7.3
193102010000	43.1	21.55
193103010000	30	15
193104010000	31.2	15.6
193105010000	24.6	12.3
193106010000	15.3	7.65
193107010000	17.4	8.7
193108010000	13	6.5
193109010000	19	9.5
193110010000	10	5
193111010000	18.7	9.35
193112010000	17.8	8.9
193201010000	12.1	6.05
193202010000	10.6	5.3
193203010000	11.2	5.6
193204010000	11.2	5.6
193205010000	17.9	8.95
193206010000	22.2	11.1
193207010000	9.6	4.8
193208010000	6.8	3.4
193209010000	4	2
193210010000	8.9	4.45
193211010000	8.2	4.1
193212010000	11	5.5
193301010000	12.3	6.15
193302010000	22.2	11.1
193303010000	10.1	5.05
193304010000	2.9	1.45
193305010000	3.2	1.6
193306010000	5.2	2.6
193307010000	2.8	1.4
193308010000	0.2	0.1
193309010000	5.1	2.55
193310010000	3	1.5
193311010000	0.6	0.3
193312010000	0.3	0.15
193401010000	3.4	1.7
193402010000	7.8	3.9
193403010000	4.3	2.15
193404010000	11.3	5.65
193405010000	19.7	9.85
193406010000	6.7	3.35
193407010000	9.3	4.65
193408010000	8.3	4.15
193409010000	4	2
193410010000	5.7	2.85
193411010000	8.7	4.35
193412010000	15.4	7.7
193501010000	18.6	9.3
193502010000	20.5	10.25
193503010000	23.1	11.55
193504010000	12.2	6.1
193505010000	27.3	13.65
193506010000	45.7	22.85
193507010000	33.9	16.95
193508010000	30.1	15.05
193509010000	42.1	21.05
193510010000	53.2	26.6
193511010000	64.2	32.1
193512010000	61.5	30.75
193601010000	62.8	31.4
193602010000	74.3	37.15
193603010000	77.1	38.55
193604010000	74.9	37.45
193605010000	54.6	27.3
193606010000	70	35
193607010000	52.3	26.15
193608010000	87	43.5
193609010000	76	38
193610010000	89	44.5
193611010000	115.4	57.7
193612010000	123.4	61.7
193701010000	132.5	66.25
193702010000	128.5	64.25
193703010000	83.9	41.95
193704010000	109.3	54.65
193705010000	116.7	58.35
193706010000	130.3	65.15
193707010000	145.1	72.55
193708010000	137.7	68.85
193709010000	100.7	50.35
193710010000	124.9	62.45
193711010000	74.4	37.2
193712010000	88.8	44.4
193801010000	98.4	49.2
193802010000	119.2	59.6
193803010000	86.5	43.25
193804010000	101	50.5
193805010000	127.4	63.7
193806010000	97.5	48.75
193807010000	165.3	82.65
193808010000	115.7	57.85
193809010000	89.6	44.8
193810010000	99.1	49.55
193811010000	122.2	61.1
193812010000	92.7	46.35
193901010000	80.3	40.15
193902010000	77.4	38.7
193903010000	64.6	32.3
193904010000	109.1	54.55
193905010000	118.3	59.15
193906010000	101	50.5
193907010000	97.6	48.8
193908010000	105.8	52.9
193909010000	112.6	56.3
193910010000	88.1	44.05
193911010000	68.1	34.05
193912010000	42.1	21.05
194001010000	50.5	25.25
194002010000	59.4	29.7
194003010000	83.3	41.65
194004010000	60.7	30.35
194005010000	54.4	27.2
194006010000	83.9	41.95
194007010000	67.5	33.75
194008010000	105.5	52.75
194009010000	66.5	33.25
194010010000	55	27.5
194011010000	58.4	29.2
194012010000	68.3	34.15
194101010000	45.6	22.8
194102010000	44.5	22.25
194103010000	46.4	23.2
194104010000	32.8	16.4
194105010000	29.5	14.75
194106010000	59.8	29.9
194107010000	66.9	33.45
194108010000	60	30
194109010000	65.9	32.95
194110010000	46.3	23.15
194111010000	38.4	19.2
194112010000	33.7	16.85
194201010000	35.6	17.8
194202010000	52.8	26.4
194203010000	54.2	27.1
194204010000	60.7	30.35
194205010000	25	12.5
194206010000	11.4	5.7
194207010000	17.7	8.85
194208010000	20.2	10.1
194209010000	17.2	8.6
194210010000	19.2	9.6
194211010000	30.7	15.35
194212010000	22.5	11.25
194301010000	12.4	6.2
194302010000	28.9	14.45
194303010000	27.4	13.7
194304010000	26.1	13.05
194305010000	14.1	7.05
194306010000	7.6	3.8
194307010000	13.2	6.6
194308010000	19.4	9.7
194309010000	10	5
194310010000	7.8	3.9
194311010000	10.2	5.1
194312010000	18.8	9.4
194401010000	3.7	1.85
194402010000	0.5	0.25
194403010000	11	5.5
194404010000	0.3	0.15
194405010000	2.5	1.25
194406010000	5	2.5
194407010000	5	2.5
194408010000	16.7	8.35
194409010000	14.3	7.15
194410010000	16.9	8.45
194411010000	10.8	5.4
194412010000	28.4	14.2
194501010000	18.5	9.25
194502010000	12.7	6.35
194503010000	21.5	10.75
194504010000	32	16
194505010000	30.6	15.3
194506010000	36.2	18.1
194507010000	42.6	21.3
194508010000	25.9	12.95
194509010000	34.9	17.45
194510010000	68.8	34.4
194511010000	46	23
194512010000	27.4	13.7
194601010000	47.6	23.8
194602010000	86.2	43.1
194603010000	76.6	38.3
194604010000	75.7	37.85
194605010000	84.9	42.45
194606010000	73.5	36.75
194607010000	116.2	58.1
194608010000	107.2	53.6
194609010000	94.4	47.2
194610010000	102.3	51.15
194611010000	123.8	61.9
194612010000	121.7	60.85
194701010000	115.7	57.85
194702010000	133.4	66.7
194703010000	129.8	64.9
194704010000	149.8	74.9
194705010000	201.3	100.65
194706010000	163.9	81.95
194707010000	157.9	78.95
194708010000	188.8	94.4
194709010000	169.4	84.7
194710010000	163.6	81.8
194711010000	128	64
194712010000	116.5	58.25
194801010000	108.5	54.25
194802010000	86.1	43.05
194803010000	94.8	47.4
194804010000	189.7	94.85
194805010000	174	87
194806010000	167.8	83.9
194807010000	142.2	71.1
194808010000	157.9	78.95
194809010000	143.3	71.65
194810010000	136.3	68.15
194811010000	95.8	47.9
194812010000	138	69
194901010000	119.1	59.55
194902010000	182.3	91.15
194903010000	157.5	78.75
194904010000	147	73.5
194905010000	106.2	53.1
194906010000	121.7	60.85
194907010000	125.8	62.9
194908010000	123.8	61.9
194909010000	145.3	72.65
194910010000	131.6	65.8
194911010000	143.5	71.75
194912010000	117.6	58.8
195001010000	101.6	50.8
195002010000	94.8	47.4
195003010000	109.7	54.85
195004010000	113.4	56.7
195005010000	106.2	53.1
195006010000	83.6	41.8
195007010000	91	45.5
195008010000	85.2	42.6
195009010000	51.3	25.65
195010010000	61.4	30.7
195011010000	54.8	27.4
195012010000	54.1	27.05
195101010000	59.9	29.95
195102010000	59.9	29.95
195103010000	55.9	27.95
195104010000	92.9	46.45
195105010000	108.5	54.25
195106010000	100.6	50.3
195107010000	61.5	30.75
195108010000	61	30.5
195109010000	83.1	41.55
195110010000	51.6	25.8
195111010000	52.4	26.2
195112010000	45.8	22.9
195201010000	40.7	20.35
195202010000	22.7	11.35
195203010000	22	11
195204010000	29.1	14.55
195205010000	23.4	11.7
195206010000	36.4	18.2
195207010000	39.3	19.65
195208010000	54.9	27.45
195209010000	28.2	14.1
195210010000	23.8	11.9
195211010000	22.1	11.05
195212010000	34.3	17.15
195301010000	26.5	13.25
195302010000	3.9	1.95
195303010000	10	5
195304010000	27.8	13.9
195305010000	12.5	6.25
195306010000	21.8	10.9
195307010000	8.6	4.3
195308010000	23.5	11.75
195309010000	19.3	9.65
195310010000	8.2	4.1
195311010000	1.6	0.8
195312010000	2.5	1.25
195401010000	0.2	0.1
195402010000	0.5	0.25
195403010000	10.9	5.45
195404010000	1.8	0.9
195405010000	0.8	0.4
195406010000	0.2	0.1
195407010000	4.8	2.4
195408010000	8.4	4.2
195409010000	1.5	0.75
195410010000	7	3.5
195411010000	9.2	4.6
195412010000	7.6	3.8
195501010000	23.1	11.55
195502010000	20.8	10.4
195503010000	4.9	2.45
195504010000	11.3	5.65
195505010000	28.9	14.45
195506010000	31.7	15.85
195507010000	26.7	13.35
195508010000	40.7	20.35
195509010000	42.7	21.35
195510010000	58.5	29.25
195511010000	89.2	44.6
195512010000	76.9	38.45
195601010000	73.6	36.8
195602010000	124	62
195603010000	118.4	59.2
195604010000	110.7	55.35
195605010000	136.6	68.3
195606010000	116.6	58.3
195607010000	129.1	64.55
195608010000	169.6	84.8
195609010000	173.2	86.6
195610010000	155.3	77.65
195611010000	201.3	100.65
195612010000	192.1	96.05
195701010000	165	82.5
195702010000	130.2	65.1
195703010000	157.4	78.7
195704010000	175.2	87.6
195705010000	164.6	82.3
195706010000	200.7	100.35
195707010000	187.2	93.6
195708010000	158	79
195709010000	235.8	117.9
195710010000	253.8	126.9
195711010000	210.9	105.45
195712010000	239.4	119.7
195801010000	202.5	101.25
195802010000	164.9	82.45
195803010000	190.7	95.35
195804010000	196	98
195805010000	175.3	87.65
195806010000	171.5	85.75
195807010000	191.4	95.7
195808010000	200.2	100.1
195809010000	201.2	100.6
195810010000	181.5	90.75
195811010000	152.3	76.15
195812010000	187.6	93.8
195901010000	217.4	108.7
195902010000	143.1	71.55
195903010000	185.7	92.85
195904010000	163.3	81.65
195905010000	172	86
195906010000	168.7	84.35
195907010000	149.6	74.8
195908010000	199.6	99.8
195909010000	145.2	72.6
195910010000	111.4	55.7
195911010000	124	62
195912010000	125	62.5
196001010000	146.3	73.15
196002010000	106	53
196003010000	102.2	51.1
196004010000	122	61
196005010000	119.6	59.8
196006010000	110.2	55.1
196007010000	121.7	60.85
196008010000	134.1	67.05
196009010000	127.2	63.6
196010010000	82.8	41.4
196011010000	89.6	44.8
196012010000	85.6	42.8
196101010000	57.9	28.95
196102010000	46.1	23.05
196103010000	53	26.5
196104010000	61.4	30.7
196105010000	51	25.5
196106010000	77.4	38.7
196107010000	70.2	35.1
196108010000	55.8	27.9
196109010000	63.6	31.8
196110010000	37.7	18.85
196111010000	32.6	16.3
196112010000	39.9	19.95
196201010000	38.7	19.35
196202010000	50.3	25.15
196203010000	45.6	22.8
196204010000	46.4	23.2
196205010000	43.7	21.85
196206010000	42	21
196207010000	21.8	10.9
196208010000	21.8	10.9
196209010000	51.3	25.65
196210010000	39.5	19.75
196211010000	26.9	13.45
196212010000	23.2	11.6
196301010000	19.8	9.9
196302010000	24.4	12.2
196303010000	17.1	8.55
196304010000	29.3	14.65
196305010000	43	21.5
196306010000	35.9	17.95
196307010000	19.6	9.8
196308010000	33.2	16.6
196309010000	38.8	19.4
196310010000	35.3	17.65
196311010000	23.4	11.7
196312010000	14.9	7.45
196401010000	15.3	7.65
196402010000	17.7	8.85
196403010000	16.5	8.25
196404010000	8.6	4.3
196405010000	9.5	4.75
196406010000	9.1	4.55
196407010000	3.1	1.55
196408010000	9.3	4.65
196409010000	4.7	2.35
196410010000	6.1	3.05
196411010000	7.4	3.7
196412010000	15.1	7.55
196501010000	17.5	8.75
196502010000	14.2	7.1
196503010000	11.7	5.85
196504010000	6.8	3.4
196505010000	24.1	12.05
196506010000	15.9	7.95
196507010000	11.9	5.95
196508010000	8.9	4.45
196509010000	16.8	8.4
196510010000	20.1	10.05
196511010000	15.8	7.9
196512010000	17	8.5
196601010000	28.2	14.1
196602010000	24.4	12.2
196603010000	25.3	12.65
196604010000	48.7	24.35
196605010000	45.3	22.65
196606010000	47.7	23.85
196607010000	56.7	28.35
196608010000	51.2	25.6
196609010000	50.2	25.1
196610010000	57.2	28.6
196611010000	57.2	28.6
196612010000	70.4	35.2
196701010000	110.9	55.45
196702010000	93.6	46.8
196703010000	111.8	55.9
196704010000	69.5	34.75
196705010000	86.5	43.25
196706010000	67.3	33.65
196707010000	91.5	45.75
196708010000	107.2	53.6
196709010000	76.8	38.4
196710010000	88.2	44.1
196711010000	94.3	47.15
196712010000	126.4	63.2
196801010000	121.8	60.9
196802010000	111.9	55.95
196803010000	92.2	46.1
196804010000	81.2	40.6
196805010000	127.2	63.6
196806010000	110.3	55.15
196807010000	96.1	48.05
196808010000	109.3	54.65
196809010000	117.2	58.6
196810010000	107.7	53.85
196811010000	86	43
196812010000	109.8	54.9
196901010000	104.4	52.2
196902010000	120.5	60.25
196903010000	135.8	67.9
196904010000	106.8	53.4
196905010000	120	60
196906010000	106	53
196907010000	96.8	48.4
196908010000	98	49
196909010000	91.3	45.65
196910010000	95.7	47.85
196911010000	93.5	46.75
196912010000	97.9	48.95
197001010000	111.5	55.75
197002010000	127.8	63.9
197003010000	102.9	51.45
197004010000	109.5	54.75
197005010000	127.5	63.75
197006010000	106.8	53.4
197007010000	112.5	56.25
197008010000	93	46.5
197009010000	99.5	49.75
197010010000	86.6	43.3
197011010000	95.2	47.6
197012010000	83.5	41.75
197101010000	91.3	45.65
197102010000	79	39.5
197103010000	60.7	30.35
197104010000	71.8	35.9
197105010000	57.5	28.75
197106010000	49.8	24.9
197107010000	81	40.5
197108010000	61.4	30.7
197109010000	50.2	25.1
197110010000	51.7	25.85
197111010000	63.2	31.6
197112010000	82.2	41.1
197201010000	61.5	30.75
197202010000	88.4	44.2
197203010000	80.1	40.05
197204010000	63.2	31.6
197205010000	80.5	40.25
197206010000	88	44
197207010000	76.5	38.25
197208010000	76.8	38.4
197209010000	64	32
197210010000	61.3	30.65
197211010000	41.6	20.8
197212010000	45.3	22.65
197301010000	43.4	21.7
197302010000	42.9	21.45
197303010000	46	23
197304010000	57.7	28.85
197305010000	42.4	21.2
197306010000	37.5	18.75
197307010000	23.1	11.55
197308010000	25.6	12.8
197309010000	59.3	29.65
197310010000	30.7	15.35
197311010000	23.9	11.95
197312010000	23.3	11.65
197401010000	27.6	13.8
197402010000	26	13
197403010000	21.3	10.65
197404010000	40.3	20.15
197405010000	39.5	19.75
197406010000	36	18
197407010000	55.8	27.9
197408010000	33.6	16.8
197409010000	40.2	20.1
197410010000	47.1	23.55
197411010000	25	12.5
197412010000	20.5	10.25
197501010000	18.9	9.45
197502010000	11.5	5.75
197503010000	11.5	5.75
197504010000	5.1	2.55
197505010000	9	4.5
197506010000	11.4	5.7
197507010000	28.2	14.1
197508010000	39.7	19.85
197509010000	13.9	6.95
197510010000	9.1	4.55
197511010000	19.4	9.7
197512010000	7.8	3.9
197601010000	8.1	4.05
197602010000	4.3	2.15
197603010000	21.9	10.95
197604010000	18.8	9.4
197605010000	12.4	6.2
197606010000	12.2	6.1
197607010000	1.9	0.95
197608010000	16.4	8.2
197609010000	13.5	6.75
197610010000	20.6	10.3
197611010000	5.2	2.6
197612010000	15.3	7.65
197701010000	16.4	8.2
197702010000	23.1	11.55
197703010000	8.7	4.35
197704010000	12.9	6.45
197705010000	18.6	9.3
197706010000	38.5	19.25
197707010000	21.4	10.7
197708010000	30.1	15.05
197709010000	44	22
197710010000	43.8	21.9
197711010000	29.1	14.55
197712010000	43.2	21.6
197801010000	51.9	25.95
197802010000	93.6	46.8
197803010000	76.5	38.25
197804010000	99.7	49.85
197805010000	82.7	41.35
197806010000	95.1	47.55
197807010000	70.4	35.2
197808010000	58.1	29.05
197809010000	138.2	69.1
197810010000	125.1	62.55
197811010000	97.9	48.95
197812010000	122.7	61.35
197901010000	166.6	83.3
197902010000	137.5	68.75
197903010000	138	69
197904010000	101.5	50.75
197905010000	134.4	67.2
197906010000	149.5	74.75
197907010000	159.4	79.7
197908010000	142.2	71.1
197909010000	188.4	94.2
197910010000	186.2	93.1
197911010000	183.3	91.65
197912010000	176.3	88.15
198001010000	159.6	79.8
198002010000	155	77.5
198003010000	126.2	63.1
198004010000	164.1	82.05
198005010000	179.9	89.95
198006010000	157.3	78.65
198007010000	136.3	68.15
198008010000	135.4	67.7
198009010000	155	77.5
198010010000	164.7	82.35
198011010000	147.9	73.95
198012010000	174.4	87.2
198101010000	114	57
198102010000	141.3	70.65
198103010000	135.5	67.75
198104010000	156.4	78.2
198105010000	127.5	63.75
198106010000	90.9	45.45
198107010000	143.8	71.9
198108010000	158.7	79.35
198109010000	167.3	83.65
198110010000	162.4	81.2
198111010000	137.5	68.75
198112010000	150.1	75.05
198201010000	111.2	55.6
198202010000	163.6	81.8
198203010000	153.8	76.9
198204010000	122	61
198205010000	82.2	41.1
198206010000	110.4	55.2
198207010000	106.1	53.05
198208010000	107.6	53.8
198209010000	118.8	59.4
198210010000	94.7	47.35
198211010000	98.1	49.05
198212010000	127	63.5
198301010000	84.3	42.15
198302010000	51	25.5
198303010000	66.5	33.25
198304010000	80.7	40.35
198305010000	99.2	49.6
198306010000	91.1	45.55
198307010000	82.2	41.1
198308010000	71.8	35.9
198309010000	50.3	25.15
198310010000	55.8	27.9
198311010000	33.3	16.65
198312010000	33.4	16.7
198401010000	57	28.5
198402010000	85.4	42.7
198403010000	83.5	41.75
198404010000	69.7	34.85
198405010000	76.4	38.2
198406010000	46.1	23.05
198407010000	37.4	18.7
198408010000	25.5	12.75
198409010000	15.7	7.85
198410010000	12	6
198411010000	22.8	11.4
198412010000	18.7	9.35
198501010000	16.5	8.25
198502010000	15.9	7.95
198503010000	17.2	8.6
198504010000	16.2	8.1
198505010000	27.5	13.75
198506010000	24.2	12.1
198507010000	30.7	15.35
198508010000	11.1	5.55
198509010000	3.9	1.95
198510010000	18.6	9.3
198511010000	16.2	8.1
198512010000	17.3	8.65
198601010000	2.5	1.25
198602010000	23.2	11.6
198603010000	15.1	7.55
198604010000	18.5	9.25
198605010000	13.7	6.85
198606010000	1.1	0.55
198607010000	18.1	9.05
198608010000	7.4	3.7
198609010000	3.8	1.9
198610010000	35.4	17.7
198611010000	15.2	7.6
198612010000	6.8	3.4
198701010000	10.4	5.2
198702010000	2.4	1.2
198703010000	14.7	7.35
198704010000	39.6	19.8
198705010000	33	16.5
198706010000	17.4	8.7
198707010000	33	16.5
198708010000	38.7	19.35
198709010000	33.9	16.95
198710010000	60.6	30.3
198711010000	39.9	19.95
198712010000	27.1	13.55
198801010000	59	29.5
198802010000	40	20
198803010000	76.2	38.1
198804010000	88	44
198805010000	60.1	30.05
198806010000	101.8	50.9
198807010000	113.8	56.9
198808010000	111.6	55.8
198809010000	120.1	60.05
198810010000	125.1	62.55
198811010000	125.1	62.55
198812010000	179.2	89.6
198901010000	161.3	80.65
198902010000	165.1	82.55
198903010000	131.4	65.7
198904010000	130.6	65.3
198905010000	138.5	69.25
198906010000	196.2	98.1
198907010000	126.9	63.45
198908010000	168.9	84.45
198909010000	176.7	88.35
198910010000	159.4	79.7
198911010000	173	86.5
198912010000	165.5	82.75
199001010000	177.3	88.65
199002010000	130.5	65.25
199003010000	140.3	70.15
199004010000	140.3	70.15
199005010000	132.2	66.1
199006010000	105.4	52.7
199007010000	149.4	74.7
199008010000	200.3	100.15
199009010000	125.2	62.6
199010010000	145.5	72.75
199011010000	131.4	65.7
199012010000	129.7	64.85
199101010000	136.9	68.45
199102010000	167.5	83.75
199103010000	141.9	70.95
199104010000	140	70
199105010000	121.3	60.65
199106010000	169.7	84.85
199107010000	173.7	86.85
199108010000	176.3	88.15
199109010000	125.3	62.65
199110010000	144.1	72.05
199111010000	108.2	54.1
199112010000	144.4	72.2
199201010000	150	75
199202010000	161.1	80.55
199203010000	106.7	53.35
199204010000	99.8	49.9
199205010000	73.8	36.9
199206010000	65.2	32.6
199207010000	85.7	42.85
199208010000	64.5	32.25
199209010000	63.9	31.95
199210010000	88.7	44.35
199211010000	91.8	45.9
199212010000	82.6	41.3
199301010000	59.3	29.65
199302010000	91	45.5
199303010000	69.8	34.9
199304010000	62.2	31.1
199305010000	61.3	30.65
199306010000	49.8	24.9
199307010000	57.9	28.95
199308010000	42.2	21.1
199309010000	22.4	11.2
199310010000	56.4	28.2
199311010000	35.6	17.8
199312010000	48.9	24.45
199401010000	57.8	28.9
199402010000	35.5	17.75
199403010000	31.7	15.85
199404010000	16.1	8.05
199405010000	17.8	8.9
199406010000	28	14
199407010000	35.1	17.55
199408010000	22.5	11.25
199409010000	25.7	12.85
199410010000	44	22
199411010000	18	9
199412010000	26.2	13.1
199501010000	24.2	12.1
199502010000	29.9	14.95
199503010000	31.1	15.55
199504010000	14	7
199505010000	14.5	7.25
199506010000	15.6	7.8
199507010000	14.5	7.25
199508010000	14.3	7.15
199509010000	11.8	5.9
199510010000	21.1	10.55
199511010000	9	4.5
199512010000	10	5
199601010000	11.5	5.75
199602010000	4.4	2.2
199603010000	9.2	4.6
199604010000	4.8	2.4
199605010000	5.5	2.75
199606010000	11.8	5.9
199607010000	8.2	4.1
199608010000	14.4	7.2
199609010000	1.6	0.8
199610010000	0.9	0.45
199611010000	17.9	8.95
199612010000	13.3	6.65
199701010000	5.7	2.85
199702010000	7.6	3.8
199703010000	8.7	4.35
199704010000	15.5	7.75
199705010000	18.5	9.25
199706010000	12.7	6.35
199707010000	10.4	5.2
199708010000	24.4	12.2
199709010000	51.3	25.65
199710010000	23.8	11.9
199711010000	39	19.5
199712010000	41.2	20.6
199801010000	31.9	15.95
199802010000	40.3	20.15
199803010000	54.8	27.4
199804010000	53.4	26.7
199805010000	56.3	28.15
199806010000	70.7	35.35
199807010000	66.6	33.3
199808010000	92.2	46.1
199809010000	92.9	46.45
199810010000	55.5	27.75
199811010000	74	37
199812010000	81.9	40.95
199901010000	62	31
199902010000	66.3	33.15
199903010000	68.8	34.4
199904010000	63.7	31.85
199905010000	106.4	53.2
199906010000	137.7	68.85
199907010000	113.5	56.75
199908010000	93.7	46.85
199909010000	71.5	35.75
199910010000	116.7	58.35
199911010000	133.2	66.6
199912010000	84.6	42.3
200001010000	90.1	45.05
200002010000	112.9	56.45
200003010000	138.5	69.25
200004010000	125.5	62.75
200005010000	121.6	60.8
200006010000	124.9	62.45
200007010000	170.1	85.05
200008010000	130.5	65.25
200009010000	109.7	54.85
200010010000	99.4	49.7
200011010000	106.8	53.4
200012010000	104.4	52.2
200101010000	95.6	47.8
200102010000	80.6	40.3
200103010000	113.5	56.75
200104010000	107.7	53.85
200105010000	96.6	48.3
200106010000	134	67
200107010000	81.8	40.9
200108010000	106.4	53.2
200109010000	150.7	75.35
200110010000	125.5	62.75
200111010000	106.5	53.25
200112010000	132.2	66.1
200201010000	114.1	57.05
200202010000	107.4	53.7
200203010000	98.4	49.2
200204010000	120.7	60.35
200205010000	120.8	60.4
200206010000	88.3	44.15
200207010000	99.6	49.8
200208010000	116.4	58.2
200209010000	109.6	54.8
200210010000	97.5	48.75
200211010000	95.5	47.75
200212010000	80.8	40.4
200301010000	79.7	39.85
200302010000	46	23
200303010000	61.1	30.55
200304010000	60	30
200305010000	54.6	27.3
200306010000	77.4	38.7
200307010000	83.3	41.65
200308010000	72.7	36.35
200309010000	48.7	24.35
200310010000	65.5	32.75
200311010000	67.3	33.65
200312010000	46.5	23.25
200401010000	37.3	18.65
200402010000	45.8	22.9
200403010000	49.1	24.55
200404010000	39.3	19.65
200405010000	41.5	20.75
200406010000	43.2	21.6
200407010000	51.1	25.55
200408010000	40.9	20.45
200409010000	27.7	13.85
200410010000	48	24
200411010000	43.5	21.75
200412010000	17.9	8.95
200501010000	31.3	15.65
200502010000	29.2	14.6
200503010000	24.5	12.25
200504010000	24.2	12.1
200505010000	42.7	21.35
200506010000	39.3	19.65
200507010000	40.1	20.05
200508010000	36.4	18.2
200509010000	21.9	10.95
200510010000	8.7	4.35
200511010000	18	9
200512010000	41.1	20.55
200601010000	15.4	7.7
200602010000	4.7	2.35
200603010000	10.8	5.4
200604010000	30.2	15.1
200605010000	22.3	11.15
200606010000	13.9	6.95
200607010000	12.2	6.1
200608010000	12.9	6.45
200609010000	14.4	7.2
200610010000	10.5	5.25
200611010000	21.4	10.7
200612010000	13.6	6.8
200701010000	16.8	8.4
200702010000	10.7	5.35
200703010000	4.5	2.25
200704010000	3.4	1.7
200705010000	11.7	5.85
200706010000	12.1	6.05
200707010000	9.7	4.85
200708010000	6	3
200709010000	2.4	1.2
200710010000	0.9	0.45
200711010000	1.7	0.85
200712010000	10.1	5.05
200801010000	3.3	1.65
200802010000	2.1	1.05
200803010000	9.3	4.65
200804010000	2.9	1.45
200805010000	3.2	1.6
200806010000	3.4	1.7
200807010000	0.8	0.4
200808010000	0.5	0.25
200809010000	1.1	0.55
200810010000	2.9	1.45
200811010000	4.1	2.05
200812010000	0.8	0.4
200901010000	1.3	0.65
200902010000	1.4	0.7
200903010000	0.7	0.35
200904010000	0.8	0.4
200905010000	2.9	1.45
200906010000	2.9	1.45
200907010000	3.2	1.6
200908010000	0	0
200909010000	4.3	2.15
200910010000	4.8	2.4
200911010000	4.1	2.05
200912010000	10.8	5.4
201001010000	13.2	6.6
201002010000	18.8	9.4
201003010000	15.3	7.65
201004010000	8	4
201005010000	8.7	4.35
201006010000	13.6	6.8
201007010000	16.1	8.05
201008010000	19.6	9.8
201009010000	25.2	12.6
201010010000	23.5	11.75
201011010000	21.5	10.75
201012010000	14.4	7.2
201101010000	18.8	9.4
201102010000	29.6	14.8
201103010000	55.8	27.9
201104010000	54.4	27.2
201105010000	41.5	20.75
201106010000	37	18.5
201107010000	43.8	21.9
201108010000	50.6	25.3
201109010000	78	39
201110010000	88	44
201111010000	96.7	48.35
201112010000	73	36.5
201201010000	58.3	29.15
201202010000	32.9	16.45
201203010000	64.3	32.15
201204010000	55.2	27.6
201205010000	69	34.5
201206010000	64.5	32.25
201207010000	66.5	33.25
201208010000	63	31.5
201209010000	61.4	30.7
201210010000	53.3	26.65
201211010000	61.8	30.9
201212010000	40.8	20.4
201301010000	62.9	31.45
201302010000	38	19
201303010000	57.9	28.95
201304010000	72.4	36.2
201305010000	78.7	39.35
201306010000	52.5	26.25
201307010000	57	28.5
201308010000	66	33
201309010000	37	18.5
201310010000	85.6	42.8
201311010000	77.6	38.8
201312010000	90.3	45.15
201401010000	81.8	40.9
201402010000	102.3	51.15
201403010000	91.9	45.95
201404010000	84.7	42.35
201405010000	75.2	37.6
